3285
0292
2576
2626
1261
2982
1401
2278
0244
3508
1458
0698
3428
1852
3445
0423
2208
2478
2889
1679
2137
3283
1422
3043
3101
2971
1284
2600
1758
1504
2707
0989
2920
0613
3178
2973
3226
2784
1966
1461
2830
0862
2650
1822
0573
0641
3461
3145
2488
1851
3419
1004
0988
1776
3351
1062
3396
0025
2912
3536
3136
0961
2896
3223
2583
1101
1084
1578
2767
1048
0106
0357
1199
2762
3242
3421
0342
1580
1830
1238
0659
0856
0266
2064
2861
0116
3341
1547
2625
1551
1988
3325
0865
0120
1533
1024
0964
2097
3302
0632
1403
3144
1670
1053
3344
0714
2923
0006
2252
2989
0337
1132
1450
1809
1705
3165
0822
1057
2039
0060
3374
0433
1672
1556
2733
0190
3376
1015
2966
0180
2508
2870
2947
1198
2803
2824
2209
1397
1416
2827
1773
3231
0168
1266
2287
0153
0841
3570
3114
0550
2831
0049
0586
1736
2756
0475
2175
0467
3361
1980
2822
1012
3137
1590
1862
1428
3408
1016
2606
2241
0693
1541
2817
2270
2754
1089
1544
1993
2597
1082
0051
1180
0858
0559
1027
1206
0354
3573
1451
2516
2596
2565
0260
2354
2101
2954
3177
0155
2940
0863
1364
1981
0565
0477
0905
3139
2087
1196
1315
2825
2534
1116
3555
2760
1463
2590
2015
2047
0772
2799
0275
2752
0737
2981
2117
0371
1535
3401
2364
0083
0487
2560
0353
0304
0921
1764
1090
3018
1676
1413
3371
1788
3284
2387
0401
0203
0154
2155
0850
2891
2569
0936
0318
1696
1555
0369
3216
3019
0986
3340
0811
1262
3389
0554
2122
1831
2412
1909
1940
3548
2100
1125
0560
0877
1187
1938
1904
1300
1087
2575
2185
2718
0267
2181
2025
0278
0305
2607
3148
0262
3350
0062
1234
0331
0330
0478
2877
0274
0646
1751
0294
2797
0041
0956
0098
3126
1863
0093
0416
2406
2601
0704
0483
3048
1146
3047
0762
1237
1437
1552
2915
1952
1686
1849
1765
1305
1194
2905
3240
0355
2470
1466
1220
2648
1424
0370
0498
3067
3571
1412
0926
1927
1709
3497
0805
2429
0624
1352
0169
0277
1509
0532
2950
1028
2457
3056
0540
1372
1922
